7
11
119
68393
63838
2526
123456789
987654321
123454321
987698769
543216789
876543218
987698757
123478901
876591234
234578901
876545678
234598765
876567890
876512345
987656789
123489876
987612345
123412345
987645678
123467890
987645678
876578901
987612345
123465678
876545678
987654321
123478901
987612345
123423456
876534567
987612345
123423456
876523456
123467890
987654321
123478901
987654321
123456789
987612345
123423456
987612345
123423456
987654321
123478901
977
631
197
479
619
311
113
233
739
461
199
607
509
853
997
379
149
431
709
587
691
337
293
181
313
641
431
467
179
269
907
227
101
523
193
619
179
257
349
587
491
577
593
439
787
461
313
347
179
479
